%YAML:1.0
---
K: !!opencv-matrix
   rows: 3
   cols: 3
   dt: d
   data: [ 1.1040401548572880e+04, 0., 1.8803648624113764e+03, 0.,
       1.0762226387763369e+04, 6.1237568593858589e+02, 0., 0., 1. ]
D: !!opencv-matrix
   rows: 1
   cols: 5
   dt: d
   data: [ 6.6933346400061371e+00, -1.8372541253275540e+02,
       -6.3775499255564871e-03, 2.6538717578712961e-01,
       2.2926445700579866e+03 ]
